u=[0.773957299203321, 0.0, -0.6332377902572627]
v=[-0.338778715001129, 0.8448555608670131, -0.4140628738902688]
w=[0.5349944684499877, 0.5349944684499877, 0.6538821281055405]

Valores para imagen 256x256

right=0.0414213562373
left=-0.0414213562373
top=0.0414213562373
bottom=-0.0414213562373

Valores para imagen 256x128

right=0.0828427124746
left=-0.0828427124746
top=0.0414213562373
bottom=-0.0414213562373
