u=1,0,0
v=0,1,0
w=0,0,1

Valores para imagen 256x256

right=0.0414213562373
left=-0.0414213562373
top=0.0414213562373
bottom=-0.0414213562373

Valores para imagen 256x128

right=0.0828427124746
left=-0.0828427124746
top=0.0414213562373
bottom=-0.0414213562373
