u=[-1,0,0]
v=[0,1,0]
w=[0,0,-1]

Valores para imagen 256x256

right=0.0414213575
left=-0.0414213575
top=0.0414213575
bottom=-0.0414213575

Valores para imagen 256x128

right=0.0828427151
left=-0.0828427151
top=0.0414213575
bottom=-0.0414213575
