u=[0.0, -0.773957299203321, 0.6332377902572627]
v=[0.8448555608670131, -0.338778715001129, -0.4140628738902688]
w=[0.5349944684499877, 0.5349944684499877, 0.6538821281055405]

Valores para imagen 256x256

right=0.057735026919
left=-0.057735026919
top=0.057735026919
bottom=-0.057735026919

Valores para imagen 256x128

right=0.115470053838
left=-0.115470053838
top=0.057735026919
bottom=-0.057735026919
